1 :: [2, 60, 62, 3, 4, 13, 28, 52, 81, 88]
2 :: [171, 236, 251, 262, 265, 57, 41, 42, 65, 376]
3 :: [28, 285, 60, 13, 6, 382, 142, 92, 50, 43]
4 :: [4, 49, 47, 134, 24, 172, 179, 177, 244, 91]
5 :: [3, 49, 47, 24, 134, 177, 91, 179, 334, 374]
6 :: [67, 14, 3, 4, 23, 28, 79, 82, 95, 97]
7 :: [13, 2, 29, 60, 34, 8, 51, 50, 43, 206]
8 :: [393, 12, 11, 180, 420, 64, 135, 126, 26, 70]
9 :: [29, 291, 6, 58, 34, 199, 37, 80, 383, 125]
10 :: [39, 30, 38, 14, 67, 21, 248, 147, 22, 35]
11 :: [20, 32, 306, 151, 323, 227, 269, 54, 319, 160]
12 :: [12, 40, 7, 358, 242, 216, 414, 26, 128, 33]
13 :: [11, 243, 26, 295, 359, 369, 7, 378, 194, 110]
14 :: [18, 2, 6, 142, 382, 34, 19, 59, 379, 153]
15 :: [9, 67, 39, 30, 21, 248, 38, 22, 409, 147]
16 :: [19, 50, 348, 45, 340, 59, 18, 43, 388, 117]
17 :: [329, 18, 19, 12, 15, 307, 340, 64, 388, 98]
18 :: [58, 37, 383, 78, 291, 206, 51, 93, 228, 179]
19 :: [19, 307, 388, 13, 117, 342, 34, 50, 98, 140]
20 :: [15, 18, 340, 117, 307, 388, 241, 50, 32, 329]
21 :: [151, 306, 323, 10, 319, 293, 296, 263, 227, 211]
22 :: [67, 38, 39, 22, 14, 9, 147, 248, 409, 25]
23 :: [21, 14, 23, 147, 67, 28, 248, 81, 176, 9]
24 :: [22, 28, 79, 21, 55, 404, 52, 14, 196, 125]
25 :: [179, 4, 3, 49, 47, 134, 91, 177, 334, 113]
26 :: [187, 85, 182, 295, 246, 212, 110, 403, 21, 120]
27 :: [12, 194, 423, 33, 413, 53, 414, 11, 40, 389]
28 :: [28, 241, 19, 50, 69, 216, 34, 375, 140, 384]
29 :: [2, 27, 285, 196, 89, 81, 153, 22, 375, 25]
30 :: [8, 6, 13, 357, 282, 403, 199, 422, 205, 334]
31 :: [9, 39, 35, 38, 14, 21, 248, 22, 147, 67]
32 :: [361, 113, 91, 192, 351, 372, 420, 278, 240, 73]
33 :: [43, 34, 19, 54, 307, 66, 50, 322, 327, 340]
34 :: [40, 413, 119, 125, 26, 414, 423, 53, 389, 64]
35 :: [32, 18, 13, 51, 371, 50, 322, 19, 98, 27]
36 :: [30, 409, 21, 9, 38, 39, 14, 104, 391, 67]
37 :: [30, 9, 32, 16, 35, 14, 34, 38, 39, 31]
38 :: [58, 17, 291, 383, 51, 228, 78, 60, 34, 289]
39 :: [39, 67, 9, 21, 30, 14, 248, 147, 35, 22]
40 :: [38, 9, 67, 30, 14, 21, 248, 147, 22, 35]
41 :: [53, 33, 220, 11, 48, 389, 414, 242, 125, 354]
42 :: [221, 417, 89, 375, 81, 352, 100, 343, 189, 60]
43 :: [286, 212, 56, 287, 110, 246, 55, 79, 387, 294]
44 :: [66, 50, 32, 54, 307, 19, 51, 15, 60, 340]
45 :: [63, 260, 166, 381, 423, 207, 276, 82, 153, 253]
46 :: [59, 175, 391, 50, 15, 73, 142, 268, 57, 108]
47 :: [96, 212, 85, 210, 287, 294, 399, 201, 295, 110]
48 :: [4, 3, 52, 49, 177, 134, 334, 24, 179, 133]
49 :: [53, 40, 220, 26, 11, 414, 142, 399, 125, 285]
50 :: [4, 3, 86, 47, 172, 405, 91, 134, 24, 179]
51 :: [43, 15, 342, 66, 19, 18, 51, 45, 307, 59]
52 :: [50, 34, 37, 322, 289, 43, 206, 58, 295, 54]
53 :: [47, 340, 219, 50, 140, 250, 18, 329, 43, 388]
54 :: [40, 48, 285, 220, 144, 290, 125, 414, 142, 26]
55 :: [43, 32, 92, 61, 163, 19, 265, 51, 235, 388]
56 :: [333, 42, 56, 302, 21, 387, 23, 120, 378, 337]
57 :: [110, 387, 359, 295, 302, 165, 369, 294, 42, 312]
58 :: [116, 268, 132, 59, 45, 318, 385, 142, 313, 348]
59 :: [37, 17, 383, 291, 78, 51, 60, 206, 8, 228]
60 :: [45, 391, 268, 142, 108, 50, 15, 57, 13, 116]
61 :: [2, 66, 50, 89, 43, 81, 400, 221, 417, 41]
62 :: [265, 54, 195, 92, 149, 111, 305, 123, 65, 391]
63 :: [326, 247, 205, 226, 256, 378, 312, 349, 110, 369]
64 :: [44, 207, 166, 276, 423, 153, 381, 384, 82, 260]
65 :: [388, 393, 19, 50, 18, 66, 342, 33, 340, 119]
66 :: [346, 219, 406, 279, 343, 190, 42, 61, 114, 197]
67 :: [43, 204, 50, 275, 159, 360, 311, 245, 60, 157]
68 :: [38, 39, 21, 14, 9, 147, 415, 248, 274, 22]
69 :: [247, 218, 205, 273, 174, 325, 401, 158, 315, 256]
70 :: [309, 159, 157, 275, 136, 311, 360, 257, 375, 236]
71 :: [413, 423, 194, 222, 414, 384, 125, 155, 74, 69]
72 :: [278, 251, 268, 421, 422, 262, 322, 73, 8, 420]
73 :: [324, 408, 407, 176, 69, 236, 402, 136, 204, 239]
74 :: [175, 283, 249, 45, 135, 362, 278, 140, 396, 109]
75 :: [385, 116, 70, 418, 413, 268, 348, 166, 82, 227]
76 :: [341, 423, 118, 413, 291, 331, 70, 385, 293, 381]
77 :: [327, 237, 306, 370, 246, 350, 273, 109, 395, 197]
78 :: [220, 383, 306, 285, 253, 130, 213, 254, 259, 151]
79 :: [291, 383, 17, 58, 37, 139, 163, 330, 265, 372]
80 :: [287, 286, 249, 154, 87, 121, 294, 212, 152, 225]
81 :: [327, 361, 212, 121, 375, 100, 210, 360, 395, 275]
82 :: [176, 417, 332, 89, 241, 352, 375, 343, 150, 192]
83 :: [213, 153, 166, 384, 207, 327, 130, 276, 241, 350]
84 :: [334, 250, 403, 240, 124, 177, 380, 282, 196, 86]
85 :: [162, 369, 201, 302, 378, 182, 154, 337, 312, 349]
86 :: [363, 212, 399, 287, 96, 46, 286, 210, 182, 25]
87 :: [334, 172, 177, 91, 49, 240, 405, 93, 97, 168]
88 :: [357, 152, 131, 267, 193, 69, 239, 79, 237, 100]
89 :: [297, 421, 370, 420, 320, 339, 269, 376, 390, 268]
90 :: [221, 343, 417, 81, 100, 150, 352, 324, 41, 327]
91 :: [223, 212, 294, 395, 272, 158, 312, 367, 99, 246]
92 :: [113, 86, 240, 134, 168, 49, 172, 244, 97, 361]
93 :: [195, 123, 163, 149, 360, 265, 329, 257, 54, 98]
94 :: [172, 177, 86, 143, 179, 133, 235, 405, 137, 97]
95 :: [392, 223, 272, 143, 90, 294, 99, 172, 177, 178]
96 :: [328, 184, 209, 173, 186, 148, 126, 407, 106, 347]
97 :: [210, 46, 85, 399, 212, 131, 241, 287, 363, 313]
98 :: [347, 244, 172, 412, 91, 86, 188, 134, 113, 283]
99 :: [117, 371, 329, 388, 140, 304, 307, 342, 135, 398]
100 :: [294, 223, 162, 359, 272, 369, 302, 321, 312, 110]
101 :: [417, 375, 159, 156, 400, 157, 309, 311, 275, 239]
102 :: [239, 131, 314, 301, 213, 324, 191, 270, 156, 82]
103 :: [182, 398, 275, 300, 273, 396, 329, 84, 298, 411]
104 :: [136, 69, 230, 398, 309, 375, 241, 389, 201, 340]
105 :: [377, 248, 302, 243, 333, 99, 409, 411, 168, 295]
106 :: [400, 417, 375, 127, 100, 156, 208, 241, 342, 136]
107 :: [122, 95, 184, 209, 148, 280, 347, 146, 328, 173]
108 :: [323, 244, 155, 314, 384, 126, 273, 233, 332, 180]
109 :: [350, 59, 116, 183, 142, 270, 45, 109, 213, 342]
110 :: [350, 140, 266, 196, 246, 143, 327, 82, 213, 420]
111 :: [295, 312, 359, 349, 369, 321, 294, 162, 281, 212]
112 :: [314, 203, 195, 276, 362, 360, 129, 149, 402, 384]
113 :: [374, 134, 133, 154, 232, 245, 416, 114, 111, 113]
114 :: [91, 269, 339, 134, 361, 374, 412, 376, 97, 244]
115 :: [161, 167, 118, 286, 214, 370, 197, 338, 112, 409]
116 :: [117, 181, 289, 329, 317, 127, 349, 138, 294, 340]
117 :: [385, 318, 130, 348, 268, 57, 142, 284, 330, 74]
118 :: [98, 329, 388, 371, 307, 398, 140, 19, 396, 304]
119 :: [161, 167, 341, 114, 276, 355, 191, 301, 365, 305]
120 :: [414, 304, 33, 128, 117, 292, 358, 98, 216, 413]
121 :: [182, 395, 416, 212, 387, 246, 237, 295, 124, 165]
122 :: [79, 318, 385, 164, 331, 212, 116, 267, 80, 259]
123 :: [231, 255, 106, 233, 283, 188, 164, 202, 186, 418]
124 :: [195, 149, 92, 360, 265, 163, 300, 348, 139, 187]
125 :: [252, 403, 83, 290, 325, 193, 379, 120, 250, 87]
126 :: [220, 315, 194, 413, 414, 385, 389, 423, 70, 144]
127 :: [186, 95, 209, 328, 420, 284, 384, 173, 130, 188]
128 :: [181, 317, 211, 375, 217, 417, 128, 242, 358, 156]
129 :: [181, 222, 127, 358, 242, 413, 317, 371, 70, 119]
130 :: [353, 402, 192, 159, 417, 157, 311, 375, 309, 275]
131 :: [116, 255, 284, 213, 82, 318, 143, 418, 188, 259]
132 :: [87, 152, 208, 267, 101, 239, 314, 100, 355, 357]
133 :: [301, 167, 336, 268, 305, 313, 348, 191, 142, 376]
134 :: [172, 134, 235, 143, 177, 137, 112, 250, 93, 245]
135 :: [374, 3, 91, 244, 4, 133, 112, 49, 235, 113]
136 :: [140, 342, 98, 388, 420, 170, 409, 329, 396, 117]
137 :: [103, 69, 340, 309, 222, 329, 140, 204, 241, 159]
138 :: [405, 172, 235, 165, 168, 133, 49, 86, 177, 97]
139 :: [349, 329, 321, 359, 162, 369, 294, 302, 295, 396]
140 :: [379, 123, 199, 360, 163, 275, 287, 195, 325, 92]
141 :: [135, 98, 304, 329, 342, 117, 307, 396, 388, 109]
142 :: [185, 348, 279, 187, 101, 270, 219, 239, 197, 153]
143 :: [382, 290, 285, 385, 116, 268, 348, 59, 315, 13]
144 :: [235, 172, 177, 350, 133, 130, 93, 109, 327, 213]
145 :: [259, 331, 385, 418, 254, 318, 290, 315, 125, 164]
146 :: [308, 115, 289, 349, 329, 128, 200, 358, 292, 110]
147 :: [280, 160, 299, 337, 106, 150, 329, 169, 340, 245]
148 :: [415, 248, 229, 152, 298, 409, 67, 21, 296, 384]
149 :: [184, 173, 95, 209, 347, 328, 407, 106, 301, 167]
150 :: [195, 123, 214, 92, 187, 265, 360, 111, 196, 176]
151 :: [81, 89, 280, 299, 146, 417, 375, 156, 214, 160]
152 :: [306, 20, 296, 217, 323, 263, 211, 293, 181, 284]
153 :: [357, 203, 87, 131, 147, 248, 397, 355, 363, 314]
154 :: [207, 82, 196, 384, 276, 166, 418, 81, 213, 351]
155 :: [287, 232, 294, 286, 84, 302, 387, 310, 325, 79]
156 :: [315, 384, 216, 225, 233, 208, 284, 231, 244, 188]
157 :: [417, 100, 375, 159, 343, 127, 241, 131, 380, 87]
158 :: [309, 159, 275, 360, 311, 236, 225, 69, 100, 222]
159 :: [273, 300, 270, 182, 90, 395, 247, 211, 411, 341]
160 :: [157, 275, 309, 360, 311, 225, 236, 100, 375, 69]
161 :: [280, 146, 337, 299, 106, 395, 150, 327, 295, 215]
162 :: [167, 118, 114, 191, 365, 301, 341, 355, 276, 286]
163 :: [359, 378, 349, 302, 281, 369, 201, 321, 337, 294]
164 :: [92, 123, 98, 300, 139, 230, 388, 195, 342, 54]
165 :: [331, 233, 231, 418, 254, 335, 394, 122, 367, 385]
166 :: [168, 405, 172, 137, 56, 302, 91, 333, 120, 86]
167 :: [423, 381, 260, 207, 82, 44, 63, 153, 384, 276]
168 :: [161, 118, 114, 336, 301, 341, 305, 191, 132, 286]
169 :: [165, 405, 172, 91, 137, 86, 134, 333, 302, 120]
170 :: [299, 146, 280, 103, 303, 339, 352, 160, 150, 362]
171 :: [229, 366, 135, 234, 420, 415, 178, 401, 312, 147]
172 :: [238, 419, 320, 390, 397, 191, 313, 370, 198, 376]
173 :: [405, 137, 93, 86, 165, 235, 177, 143, 133, 49]
174 :: [184, 95, 148, 209, 328, 255, 407, 106, 231, 358]
175 :: [354, 395, 87, 120, 124, 193, 68, 212, 389, 218]
176 :: [73, 283, 45, 205, 246, 312, 110, 249, 59, 295]
177 :: [192, 324, 81, 402, 407, 332, 417, 189, 375, 408]
178 :: [334, 240, 172, 86, 47, 143, 133, 250, 83, 93]
179 :: [325, 420, 84, 201, 170, 162, 246, 369, 135, 312]
180 :: [24, 93, 49, 177, 3, 4, 47, 172, 334, 134]
181 :: [260, 381, 293, 253, 423, 126, 107, 70, 384, 166]
182 :: [317, 127, 211, 217, 128, 151, 358, 115, 284, 242]
183 :: [120, 411, 102, 416, 84, 85, 158, 387, 187, 25]
184 :: [264, 90, 108, 88, 390, 419, 351, 256, 68, 247]
185 :: [148, 95, 173, 209, 347, 328, 407, 106, 186, 126]
186 :: [197, 190, 279, 406, 346, 141, 252, 218, 290, 343]
187 :: [95, 126, 328, 209, 122, 106, 231, 283, 184, 347]
188 :: [25, 295, 110, 246, 212, 215, 312, 399, 349, 149]
189 :: [283, 231, 233, 255, 122, 418, 97, 315, 130, 386]
190 :: [339, 269, 376, 176, 421, 193, 332, 408, 113, 382]
191 :: [197, 279, 185, 406, 346, 218, 343, 219, 335, 367]
192 :: [238, 355, 161, 365, 167, 320, 390, 397, 301, 370]
193 :: [129, 402, 176, 361, 324, 353, 81, 417, 407, 159]
194 :: [124, 87, 416, 267, 174, 69, 236, 159, 189, 156]
195 :: [125, 413, 395, 70, 344, 26, 373, 323, 212, 338]
196 :: [92, 149, 123, 265, 360, 276, 214, 111, 187, 300]
197 :: [153, 109, 351, 296, 418, 28, 284, 149, 187, 348]
198 :: [190, 185, 279, 218, 273, 290, 367, 254, 214, 335]
199 :: [297, 203, 390, 314, 397, 191, 238, 152, 320, 370]
200 :: [379, 325, 223, 90, 139, 306, 290, 154, 124, 237]
201 :: [201, 349, 312, 378, 369, 391, 234, 215, 162, 342]
202 :: [378, 162, 333, 321, 369, 84, 302, 349, 294, 295]
203 :: [396, 231, 245, 216, 358, 404, 138, 321, 283, 329]
204 :: [297, 198, 357, 152, 362, 370, 111, 314, 355, 191]
205 :: [310, 378, 311, 157, 359, 159, 309, 275, 217, 66]
206 :: [247, 68, 416, 218, 226, 175, 120, 401, 62, 246]
207 :: [51, 342, 142, 391, 295, 15, 50, 135, 200, 60]
208 :: [153, 276, 166, 82, 384, 63, 130, 196, 44, 225]
209 :: [131, 155, 87, 101, 152, 231, 239, 156, 355, 105]
210 :: [95, 328, 407, 184, 173, 148, 126, 186, 106, 347]
211 :: [96, 212, 46, 85, 399, 131, 270, 69, 90, 80]
212 :: [181, 317, 127, 263, 217, 306, 151, 296, 284, 311]
213 :: [287, 286, 85, 399, 46, 110, 395, 210, 294, 246]
214 :: [82, 224, 327, 350, 130, 241, 246, 101, 109, 269]
215 :: [149, 290, 197, 114, 195, 285, 252, 273, 150, 123]
216 :: [321, 246, 295, 110, 292, 312, 387, 187, 369, 359]
217 :: [358, 386, 292, 155, 202, 225, 233, 231, 117, 255]
218 :: [181, 311, 151, 211, 317, 375, 306, 222, 296, 127]
219 :: [401, 279, 406, 190, 226, 197, 68, 205, 185, 219]
220 :: [406, 346, 279, 190, 218, 343, 187, 395, 185, 272]
221 :: [125, 40, 77, 53, 389, 354, 414, 142, 290, 385]
222 :: [89, 417, 41, 81, 343, 402, 100, 352, 129, 60]
223 :: [242, 217, 157, 309, 159, 311, 275, 128, 360, 70]
224 :: [272, 99, 90, 94, 294, 392, 154, 199, 312, 205]
225 :: [213, 230, 315, 318, 116, 265, 68, 130, 348, 330]
226 :: [275, 159, 157, 360, 309, 311, 310, 217, 155, 384]
227 :: [401, 218, 271, 205, 62, 272, 99, 312, 391, 215]
228 :: [284, 318, 331, 418, 319, 385, 151, 293, 130, 255]
229 :: [289, 201, 162, 37, 84, 378, 115, 271, 200, 291]
230 :: [415, 366, 170, 147, 401, 285, 384, 355, 79, 153]
231 :: [351, 103, 263, 318, 213, 224, 163, 284, 315, 409]
232 :: [233, 283, 255, 122, 188, 315, 418, 164, 386, 358]
233 :: [154, 337, 201, 325, 162, 84, 387, 112, 302, 378]
234 :: [231, 164, 315, 394, 188, 122, 255, 283, 386, 358]
235 :: [170, 326, 393, 200, 391, 120, 154, 312, 226, 366]
236 :: [137, 172, 143, 405, 133, 134, 244, 327, 165, 97]
237 :: [159, 157, 309, 311, 360, 275, 69, 376, 100, 204]
238 :: [120, 87, 212, 294, 76, 357, 199, 154, 387, 416]
239 :: [320, 390, 171, 191, 419, 397, 370, 198, 297, 299]
240 :: [101, 314, 131, 100, 324, 87, 397, 330, 156, 69]
241 :: [334, 177, 91, 83, 86, 250, 403, 134, 380, 133]
242 :: [81, 213, 307, 159, 140, 19, 375, 82, 292, 389]
243 :: [222, 358, 127, 181, 128, 216, 284, 317, 386, 418]
244 :: [368, 12, 289, 292, 204, 373, 295, 201, 84, 104]
245 :: [97, 134, 347, 91, 155, 172, 107, 235, 314, 113]
246 :: [311, 275, 360, 396, 329, 159, 257, 309, 157, 202]
247 :: [321, 312, 387, 359, 212, 215, 395, 295, 110, 187]
248 :: [68, 256, 205, 326, 62, 264, 273, 158, 265, 198]
249 :: [298, 147, 152, 409, 14, 21, 415, 67, 9, 99]
250 :: [79, 287, 73, 175, 362, 267, 110, 286, 397, 421]
251 :: [83, 403, 334, 177, 240, 124, 133, 155, 327, 384]
252 :: [268, 262, 421, 269, 380, 376, 173, 236, 71, 138]
253 :: [290, 345, 124, 197, 185, 279, 214, 406, 130, 218]
254 :: [393, 180, 220, 260, 125, 77, 70, 354, 111, 166]
255 :: [331, 367, 335, 164, 258, 144, 197, 394, 130, 385]
256 :: [231, 319, 122, 283, 233, 315, 130, 386, 188, 358]
257 :: [247, 326, 88, 62, 264, 68, 183, 205, 350, 265]
258 :: [360, 275, 311, 245, 69, 267, 157, 309, 159, 421]
259 :: [367, 335, 394, 331, 254, 218, 316, 401, 164, 194]
260 :: [144, 331, 318, 130, 254, 121, 227, 327, 382, 418]
261 :: [381, 180, 423, 166, 293, 44, 82, 253, 384, 70]
262 :: [245, 309, 232, 100, 112, 236, 129, 330, 380, 225]
263 :: [376, 251, 382, 269, 268, 421, 313, 339, 408, 173]
264 :: [211, 306, 296, 151, 351, 217, 323, 230, 284, 393]
265 :: [247, 110, 183, 312, 295, 256, 178, 68, 390, 419]
266 :: [195, 123, 92, 149, 61, 247, 111, 139, 224, 68]
267 :: [419, 420, 109, 390, 348, 320, 350, 143, 140, 135]
268 :: [131, 257, 87, 397, 363, 193, 152, 362, 297, 69]
269 :: [269, 251, 116, 348, 59, 132, 142, 262, 313, 376]
270 :: [339, 376, 189, 113, 268, 382, 370, 262, 297, 421]
271 :: [158, 341, 350, 300, 273, 101, 210, 239, 213, 90]
272 :: [272, 226, 401, 218, 99, 411, 223, 194, 294, 228]
273 :: [223, 99, 392, 294, 271, 94, 90, 201, 310, 275]
274 :: [158, 197, 300, 370, 270, 68, 247, 351, 279, 214]
275 :: [344, 415, 67, 109, 82, 122, 79, 327, 350, 213]
276 :: [360, 311, 157, 159, 309, 225, 245, 236, 257, 69]
277 :: [355, 207, 365, 153, 118, 82, 195, 161, 111, 191]
278 :: [380, 311, 275, 245, 360, 225, 100, 408, 372, 236]
279 :: [420, 140, 71, 88, 135, 421, 73, 266, 230, 109]
280 :: [406, 190, 346, 185, 218, 197, 343, 219, 252, 401]
281 :: [160, 146, 299, 106, 337, 150, 169, 339, 303, 269]
282 :: [359, 162, 333, 349, 110, 321, 302, 295, 369, 404]
283 :: [422, 366, 83, 166, 220, 403, 182, 313, 354, 351]
284 :: [231, 188, 255, 233, 122, 386, 288, 175, 315, 358]
285 :: [227, 217, 130, 151, 318, 155, 233, 306, 385, 181]
286 :: [53, 290, 142, 2, 382, 214, 28, 130, 197, 77]
287 :: [287, 212, 110, 294, 154, 42, 387, 114, 79, 85]
288 :: [212, 286, 85, 154, 79, 110, 294, 46, 399, 387]
289 :: [283, 393, 315, 385, 418, 231, 394, 188, 255, 318]
290 :: [228, 292, 115, 294, 243, 110, 349, 51, 312, 145]
291 :: [252, 285, 142, 214, 197, 124, 345, 354, 389, 185]
292 :: [383, 78, 58, 37, 17, 8, 75, 322, 228, 206]
293 :: [358, 216, 386, 308, 215, 312, 289, 231, 117, 302]
294 :: [381, 260, 151, 423, 413, 306, 227, 180, 319, 323]
295 :: [99, 110, 369, 302, 359, 162, 312, 295, 349, 154]
296 :: [110, 369, 359, 312, 349, 321, 302, 162, 294, 387]
297 :: [151, 306, 263, 217, 211, 196, 323, 284, 147, 413]
298 :: [390, 203, 88, 198, 370, 320, 339, 362, 376, 397]
299 :: [248, 147, 409, 84, 152, 99, 102, 182, 103, 389]
300 :: [280, 303, 146, 320, 160, 169, 150, 238, 397, 390]
301 :: [331, 158, 273, 254, 270, 123, 354, 102, 284, 163]
302 :: [305, 167, 336, 132, 341, 161, 191, 118, 101, 148]
303 :: [333, 349, 162, 359, 295, 312, 369, 294, 378, 321]
304 :: [299, 403, 320, 146, 280, 313, 334, 390, 132, 382]
305 :: [98, 140, 342, 117, 371, 135, 329, 388, 396, 119]
306 :: [301, 336, 341, 167, 132, 118, 101, 191, 161, 267]
307 :: [151, 20, 296, 323, 263, 217, 211, 311, 284, 199]
308 :: [340, 117, 98, 388, 19, 18, 140, 329, 241, 371]
309 :: [292, 386, 358, 145, 231, 394, 216, 288, 255, 233]
310 :: [157, 159, 275, 311, 360, 69, 236, 225, 100, 245]
311 :: [387, 204, 225, 201, 333, 399, 275, 154, 157, 378]
312 :: [275, 360, 157, 309, 159, 217, 245, 375, 225, 236]
313 :: [295, 110, 321, 302, 349, 359, 369, 294, 162, 246]
314 :: [390, 268, 132, 320, 397, 142, 370, 238, 382, 85]
315 :: [111, 362, 198, 239, 203, 101, 131, 397, 152, 244]
316 :: [231, 233, 255, 155, 125, 288, 283, 188, 358, 394]
317 :: [331, 335, 258, 394, 418, 318, 273, 367, 164, 227]
318 :: [181, 127, 211, 217, 358, 115, 242, 375, 151, 284]
319 :: [116, 227, 331, 385, 130, 284, 259, 418, 144, 121]
320 :: [255, 227, 394, 418, 293, 20, 173, 122, 231, 233]
321 :: [390, 238, 419, 171, 297, 397, 191, 299, 370, 88]
322 :: [359, 295, 369, 349, 312, 162, 110, 333, 138, 302]
323 :: [51, 289, 34, 32, 291, 371, 206, 389, 19, 54]
324 :: [151, 306, 20, 332, 107, 296, 263, 217, 403, 212]
325 :: [407, 176, 402, 72, 192, 408, 239, 101, 89, 129]
326 :: [379, 199, 154, 124, 178, 99, 287, 232, 120, 286]
327 :: [62, 247, 234, 256, 410, 68, 393, 194, 205, 88]
328 :: [350, 213, 82, 80, 109, 143, 89, 76, 250, 246]
329 :: [95, 209, 184, 173, 186, 126, 148, 407, 106, 347]
330 :: [396, 398, 138, 117, 98, 388, 342, 340, 245, 140]
331 :: [361, 116, 384, 69, 239, 362, 192, 241, 403, 268]
332 :: [254, 335, 164, 318, 300, 367, 144, 418, 227, 316]
333 :: [81, 176, 375, 159, 323, 417, 192, 189, 129, 361]
334 :: [302, 404, 321, 281, 201, 387, 359, 349, 378, 312]
335 :: [177, 83, 86, 240, 403, 250, 47, 91, 49, 4]
336 :: [367, 331, 254, 258, 394, 164, 197, 316, 318, 418]
337 :: [167, 301, 305, 341, 132, 191, 161, 118, 148, 280]
338 :: [162, 160, 378, 201, 302, 146, 280, 84, 232, 349]
339 :: [356, 268, 114, 201, 142, 178, 323, 330, 161, 194]
340 :: [269, 376, 189, 297, 412, 370, 113, 88, 421, 382]
341 :: [307, 329, 388, 19, 52, 245, 398, 396, 117, 369]
342 :: [118, 167, 305, 301, 336, 161, 191, 270, 365, 75]
343 :: [329, 398, 98, 388, 135, 140, 304, 396, 389, 138]
344 :: [346, 89, 406, 279, 190, 417, 81, 156, 100, 221]
345 :: [373, 274, 368, 194, 187, 246, 295, 182, 90, 212]
346 :: [252, 290, 25, 124, 214, 221, 279, 383, 406, 185]
347 :: [406, 279, 190, 219, 343, 185, 218, 197, 65, 156]
348 :: [97, 184, 95, 148, 412, 244, 106, 209, 407, 328]
349 :: [116, 268, 142, 130, 187, 132, 266, 123, 15, 141]
350 :: [295, 302, 359, 162, 110, 369, 138, 321, 312, 294]
351 :: [109, 327, 213, 143, 108, 270, 82, 266, 235, 241]
352 :: [230, 420, 263, 196, 273, 153, 348, 109, 182, 312]
353 :: [81, 89, 417, 343, 41, 144, 375, 192, 150, 221]
354 :: [129, 402, 192, 417, 159, 176, 225, 111, 157, 309]
355 :: [389, 384, 290, 300, 174, 220, 401, 142, 111, 273]
356 :: [365, 276, 191, 357, 152, 118, 161, 203, 131, 314]
357 :: [201, 338, 378, 232, 84, 337, 135, 154, 162, 194]
358 :: [152, 203, 87, 355, 363, 397, 131, 191, 314, 403]
359 :: [386, 216, 292, 231, 242, 233, 255, 308, 202, 181]
360 :: [162, 321, 369, 295, 110, 281, 349, 302, 312, 294]
361 :: [275, 311, 157, 159, 309, 257, 225, 245, 236, 69]
362 :: [192, 91, 31, 113, 330, 80, 81, 129, 380, 213]
363 :: [297, 314, 203, 370, 111, 267, 330, 397, 357, 152]
364 :: [85, 357, 397, 152, 131, 267, 287, 294, 110, 87]
365 :: [278, 257, 43, 307, 360, 236, 183, 228, 275, 410]
366 :: [355, 191, 276, 161, 118, 341, 269, 357, 101, 131]
367 :: [229, 170, 415, 147, 282, 234, 373, 418, 125, 413]
368 :: [335, 254, 258, 394, 331, 197, 164, 90, 190, 385]
369 :: [243, 344, 201, 194, 200, 378, 373, 12, 271, 228]
370 :: [295, 359, 321, 349, 162, 110, 302, 294, 312, 84]
371 :: [297, 203, 88, 238, 376, 320, 191, 390, 339, 269]
372 :: [98, 117, 329, 388, 307, 304, 140, 398, 284, 241]
373 :: [380, 361, 251, 330, 113, 261, 277, 78, 91, 138]
374 :: [344, 246, 312, 187, 321, 194, 212, 387, 359, 399]
375 :: [134, 112, 113, 154, 410, 91, 250, 4, 232, 133]
376 :: [417, 100, 127, 159, 311, 217, 156, 157, 309, 81]
377 :: [269, 339, 189, 262, 297, 421, 382, 370, 236, 268]
378 :: [104, 344, 373, 246, 271, 411, 387, 42, 409, 359]
379 :: [201, 162, 302, 359, 369, 84, 337, 204, 333, 349]
380 :: [325, 199, 124, 139, 154, 142, 205, 120, 290, 416]
381 :: [98, 138, 140, 388, 372, 83, 329, 277, 398, 156]
382 :: [260, 423, 166, 293, 180, 44, 82, 384, 253, 344]
383 :: [142, 269, 376, 285, 262, 13, 313, 189, 339, 268]
384 :: [291, 58, 17, 78, 37, 77, 206, 228, 141, 411]
385 :: [82, 153, 207, 155, 354, 389, 225, 70, 423, 330]
386 :: [116, 318, 144, 74, 142, 288, 315, 331, 254, 164]
387 :: [358, 216, 292, 231, 255, 283, 308, 233, 315, 188]
388 :: [310, 302, 333, 399, 359, 295, 321, 246, 56, 110]
389 :: [329, 117, 98, 340, 307, 342, 135, 371, 18, 140]
390 :: [354, 384, 414, 342, 340, 329, 241, 290, 220, 125]
391 :: [320, 419, 297, 238, 397, 171, 198, 191, 370, 266]
392 :: [59, 45, 215, 200, 312, 234, 403, 111, 384, 362]
393 :: [94, 272, 223, 420, 235, 421, 133, 351, 134, 137]
394 :: [288, 420, 234, 220, 263, 253, 125, 70, 351, 7]
395 :: [335, 367, 233, 258, 231, 164, 331, 418, 255, 254]
396 :: [212, 246, 120, 286, 90, 194, 302, 154, 295, 416]
397 :: [329, 398, 245, 202, 342, 117, 138, 140, 340, 388]
398 :: [238, 390, 320, 152, 191, 297, 363, 198, 267, 314]
399 :: [396, 329, 342, 117, 98, 138, 340, 103, 388, 102]
400 :: [85, 212, 387, 310, 110, 286, 187, 295, 287, 201]
401 :: [105, 417, 100, 375, 156, 241, 89, 81, 60, 127]
402 :: [218, 226, 406, 271, 205, 279, 354, 272, 170, 229]
403 :: [353, 129, 192, 176, 324, 417, 159, 407, 375, 81]
404 :: [83, 334, 250, 124, 387, 240, 187, 246, 321, 357]
405 :: [333, 321, 359, 349, 302, 312, 201, 162, 281, 295]
406 :: [137, 172, 165, 168, 235, 49, 86, 91, 97, 133]
407 :: [279, 346, 218, 190, 219, 343, 185, 401, 197, 65]
408 :: [324, 209, 408, 95, 184, 176, 328, 148, 402, 173]
409 :: [407, 324, 72, 176, 376, 189, 269, 209, 184, 262]
410 :: [135, 248, 147, 298, 152, 14, 312, 215, 286, 21]
411 :: [326, 374, 257, 267, 340, 389, 342, 174, 193, 87]
412 :: [182, 84, 212, 158, 90, 102, 271, 187, 246, 344]
413 :: [339, 347, 97, 113, 269, 297, 320, 244, 191, 313]
414 :: [70, 414, 423, 194, 125, 293, 296, 323, 166, 33]
415 :: [413, 389, 70, 125, 220, 119, 354, 40, 53, 74]
416 :: [229, 147, 366, 170, 274, 67, 248, 152, 82, 298]
417 :: [120, 182, 246, 205, 193, 395, 154, 399, 212, 325]
418 :: [100, 375, 400, 156, 81, 89, 129, 159, 402, 343]
419 :: [231, 164, 331, 227, 394, 144, 130, 188, 233, 318]
420 :: [390, 320, 171, 238, 266, 397, 297, 198, 191, 313]
421 :: [421, 351, 135, 126, 88, 278, 170, 266, 393, 178]
422 :: [88, 420, 376, 297, 269, 257, 251, 268, 339, 262]
423 :: [282, 253, 195, 423, 71, 366, 77, 166, 83, 381]
424 :: [166, 381, 260, 413, 70, 384, 293, 44, 125, 26]
